[(22.1, 82.27683625120612), (31.254119728445406, 74.17506128815779), 
(44.2, 71.47446963380835), (62.50823945689081, 75.07525850627428), (88.4, 
69.67407519757539), (125.01647891378163, 64.27289188887652), (176.8, 
62.47249745264355), (250.03295782756325, 57.97151136206115), (353.6, 
60.67210301641058), (500.0659156551265, 45.36875030843042), (707.2, 
48.969539180896334), (1000.131831310253, 40.86776421784802), (1414.4, 
38.167172563498575), (2000.263662620506, 31.86579203668321), (2828.8, 
40.86776421784802), (4000.527325241012, 26.464608727984327), (5657.6, 
45.36875030843042), (8001.054650482024, 43.56835587219745), (11315.2, 
55.270919707711705), (16002.109300964048, 56.17111692582818)]
